11.370649
16.201807
7.582326
5.046556
4.268265
3.781684
3.546022
3.239318
3.209645
3.054610
2.928736
2.846044
2.625236
2.538986
2.530548
2.216325
2.301316
2.274052
2.251460
2.120012
2.120696
2.254698
2.067602
2.024124
2.006205
1.905679
1.819955
1.850985
1.734339
1.748345
1.792189
1.711169
1.692616
1.633442
1.648069
1.504126
1.456560
1.492455
1.376799
1.466812
1.424139
1.338472
1.259848
1.295602
1.356556
1.226855
1.221280
1.168792
1.205833
1.160703
1.182080
1.124382
1.127622
1.062191
1.080387
1.071008
1.060607
1.043384
1.012443
0.975777
0.922018
0.925299
0.907406
1.024603
0.877396
0.891778
0.884438
0.914485
0.896972
0.873975
0.919080
0.811820
0.859668
0.871517
0.788178
0.786606
0.759775
0.763917
0.706559
0.754001
0.764245
0.736620
0.755175
0.715944
0.688071
0.648612
0.689291
0.761608
0.689584
0.667795
0.747796
0.682882
0.702215
0.628091
0.619138
0.627818
0.607983
0.619760
0.652006
0.629291
0.587544
0.587128
0.593431
0.548933
0.515529
0.536287
0.570193
0.555609
0.555374
0.507745
0.523356
0.560633
0.499097
0.566636
0.546032
0.538284
0.553116
0.527886
0.554745
0.524379
0.482660
0.493997
0.582712
0.519158
0.492795
0.517973
0.489202
0.521665
0.531508
0.520573
0.547860
0.490045
0.513811
0.488118
0.505268
0.478036
0.505879
0.517632
0.482321
0.488545
0.510925
0.473108
0.479196
0.493536
0.478661
0.504976
0.503649
0.549390
0.479997
0.471000
0.472549
0.531675
0.482061
0.538298
0.475223
0.475277
0.491107
0.490367
0.526381
0.473691
0.507184
0.535383
0.484194
0.506950
0.500925
0.513852
0.527593
0.493710
0.482780
0.514093
0.490810
0.516609
0.528657
0.526300
0.456694
0.478165
0.453093
0.450527
0.479188
0.489919
0.534950
0.484597
0.477623
0.452946
0.491611
0.462846
0.459385
0.512336
0.527137
0.495844
0.501242
0.459729
0.426161
0.471224
0.481064
0.459420
0.460644
0.450566
0.468670
0.475831
